#no meta
1000 0.00
2000 -1.60
3000 -5.60
4000 -4.80
5000 -0.80
6000 1.60
7000 -0.80
8000 -1.60
9000 -2.40
10000 0.80
11000 5.60
12000 -0.80
13000 4.80
14000 -0.80
15000 0.00
16000 2.40
17000 -3.20
18000 -1.60
19000 1.60
20000 -4.80

#test
50 -2.40
100 -3.20
150 0.00
200 4.80
250 -6.40
300 -0.80
350 2.40
400 4.80
450 3.20
500 0.00

#test
50 0.80
100 4.80
150 -1.60
200 0.80
250 -2.40
300 5.60
350 0.80
400 -4.80
450 1.60
500 -2.40

#test
50 1.60
100 -1.60
150 4.00
200 7.20
250 -3.20
300 0.80
350 -1.60
400 4.80
450 1.60
500 -3.20

#test
50 -0.80
100 4.00
150 -2.40
200 6.40
250 1.60
300 1.60
350 -4.80
400 -0.80
450 -0.80
500 0.00

#test
50 1.60
100 8.80
150 4.80
200 0.00
250 3.20
300 2.40
350 0.80
400 3.20
450 -2.40
500 -3.20
