#test
500 4.00
1000 4.00
1500 4.00
2000 4.00
2500 4.00
3000 4.00
3500 4.00
4000 4.00
4500 4.00
5000 4.00
5500 4.00
6000 9.00
6500 11.00
7000 11.00
7500 11.00
8000 12.00
8500 11.00
9000 12.00
9500 13.00
10000 13.00

#test
500 -1.00
1000 -1.00
1500 1.00
2000 1.00
2500 1.00
3000 3.00
3500 5.00
4000 8.00
4500 10.00
5000 10.00
5500 10.00
6000 12.00
6500 12.00
7000 12.00
7500 12.00
8000 12.00
8500 12.00
9000 12.00
9500 12.00
10000 12.00

#test
500 0.00
1000 0.00
1500 2.00
2000 3.00
2500 4.00
3000 6.00
3500 8.00
4000 8.00
4500 8.00
5000 8.00
5500 8.00
6000 8.00
6500 8.00
7000 8.00
7500 8.00
8000 8.00
8500 8.00
9000 8.00
9500 8.00
10000 8.00
